activity	Battestin&Macedo2007_t	19.74	29.97	39.88	50.07	60.16	70.29	80.63	90.19																																																																																																																																																																																																																																										
activity	chen2019_t	29.85	40.03	49.86	54.65	59.65	64.49	69.92	79.72	90.13																																																																																																																																																																																																																																									
activity	Debetal2013_t	35.08	40.23	45.08	50.08	55.08	59.92	64.92	69.92																																																																																																																																																																																																																																										
activity	felleretal.1992-aha	3.01	5.29	7.07	9.02	12.25	15.13	17.61	20.15	22.30	26.33	29.28	34.06	40.92																																																																																																																																																																																																																																					
activity	felleretal.1992-baa_t	4.927124984	8.094930994	11.09505998	13.73661808	15.15284406	17.27073391	20.10318586	22.93047852	25.95640397	28.81207275	32.90855153	37.00245066	40.06965046	50.05288276	55.03160067	59.95098671	64.84199665	69.85167032	79.6620663																																																																																																																																																																																																																															
activity	Hanetal2008_t	9.890350877	20.05701754	29.97807018	40.89035088	50.90350877	60.20614035	69.9254386	79.80701754																																																																																																																																																																																																																																										
activity	Mullaney et al. 2012_C31G_t	21.72	24.42	27.74	30.41	33.53	35.89	37.47	39.68	42.04	43.93	44.72	46.78	49.79	52.8	55.05	58.06	61.42																																																																																																																																																																																																																																	
activity	Mullaney et al. 2012_C31GC40G_t	9.48	14.53	21.63	30.14	36.59	42.93	48.14	51.73	58.4																																																																																																																																																																																																																																									
activity	Mullaney et al. 2012_C31GC40S_t	9.48	14.7	21.66	29.84	36.76	41.51	47.57	52.98	58.54	65.38																																																																																																																																																																																																																																								
activity	Mullaney et al. 2012_C40G_t	21.63	26.83	30.44	32.98	36.6	41.79	44.59	47.28	51.85	54.28	57.94	62.19	65.37	70.46	74.91																																																																																																																																																																																																																																			
activity	Mullaney et al. 2012_WT_t	9.97	14.55	21.83	36.8	41.67	47.77	51.69	57.54	65.37	70.31	75.23																																																																																																																																																																																																																																							
activity	Scholtissek&Rott1969_t	23.98765484293747	26.035936244873803	28.00727180484505	28.99251680547922	30.011584154229908	32.0145436096901	33.981820487887376	35.91426034752463	37.93480742400541	39.990191519046206																																																																																																																																																																																																																																								
activity	thomas&caviccioli2000_t	7.015572639	11.9239109	21.03686182	24.86694264	27.81785925	31.74452986	34.9122807	36.80859452	39.63335305	42.69071555	45.06406466	50.17346738																																																																																																																																																																																																																																						
activity	Yadavetal.2011_t	19.47	24.42	29.36	34.43	39.79	44.46	49.68	54.77	59.72	64.56	69.72	74.95	80.09																																																																																																																																																																																																																																					
activity	Yang&Wu2006_t	30.51613782	35.12188479	39.9073948	45.24853602	50.58422988	55.00204276	60.45757865	65.15593082	67.39207408	69.85973036	75.65300286	81.39724908																																																																																																																																																																																																																																						
activity	zhengetal2012_Adsorption-crosslinking-inmobilized-sterease_T	25.18	30.03	34.88	40.22	45.08	50.13	55.06	60.28	65.1	70.12																																																																																																																																																																																																																																								
activity	zhengetal2012_Adsorption-inmobilized-sterease_T	25.17	30.12	35.26	40.21	45.38	50.23	54.96	60.06	64.99	70																																																																																																																																																																																																																																								
activity	zhengetal2012_Adsorption-microcapsule-inmobilized-sterease_T	25.27	30.11	34.87	39.91	44.96	50.21	55.06	60.19	65.02	70.04																																																																																																																																																																																																																																								
activity	zhengetal2012_free-sterease_t	25.11	30.14	34.89	40.13	45.08	50.22	55.26	65.2	70.21																																																																																																																																																																																																																																									
activity_u	giordano2005-fig3a-blackcircles	16.75	18.81	19.65	25.85	30.01	39.13	47.42																																																																																																																																																																																																																																											
activity_u	giordano2005-fig4blackcircles	20.23	24.92	30.08	39.92	50	59.84	70.16	74.14	78.12																																																																																																																																																																																																																																									
activity_u	yamasaki_fig6a-25C-blackcircles	4.83	9.79	14.93	19.9	25.02	29.96	35.24	40.18	45.2																																																																																																																																																																																																																																									
activity_u	whittington2012-fig4a	10	15.02	24.96	34.89																																																																																																																																																																																																																																														
activity_u	yamasaki_fig6d-15C-whitecircles	4.93	9.8	14.81	19.83	24.82	29.77	44.65	39.52	39.52																																																																																																																																																																																																																																									
activity_u	yamasaki_fig6d-25C-blackcircles	4.86	10.12	15.22	20.06	25.04	30.01	34.77	39.95	44.7																																																																																																																																																																																																																																									
activity_u	yamasaki_fig6d-35C-triangles	44.53	39.95	34.8	29.84	24.99	19.78	14.55	9.91	4.83																																																																																																																																																																																																																																									
activity_u	yamasaki_fig7b-blackcircles	5.75	10.6	15.69	20.28	25.12	30.19	35.09	39.77	45.34																																																																																																																																																																																																																																									
activity_u	yamasaki_fig7b-triangles	6.1	10.56	15.9	21.25	26.08	30.93	35.26	40.4	45.02																																																																																																																																																																																																																																									
activity_u	yamasaki_fig7b-whitecircles	5.54	10.74	15.24	20.37	25.54	30.17	35.65	41.09	45.37																																																																																																																																																																																																																																									
body size	Walczynska‎2016_t	8.111	8.161	15.483	15.078	15.231	20.293	20.242	20.064	25.365	25.394	25.27	30.228	30.111																																																																																																																																																																																																																																					
carbon stock	liu2013_t	-17.07112971	-13.05439331	-10.9623431	-9.037656904	-7.029288703	-5.020920502	-2.928870293	-1.087866109	3.012552301	4.937238494	7.029288703	9.037656904	11.12970711	13.13807531	15.06276151	17.07112971	18.9958159	21.0041841	23.09623431	25.10460251	27.11297071	29.12133891																																																																																																																																																																																																																												
Developmental time	ma2015_devrate	9.98	9.98	10.06	10.94	11.99	11.9	12.5	13.81	13.98	15.02	15.98	15.9	15.03	14.94	20.01	17.38	17.81	17.81	18.07	18.94	19.89	19.9	19.99	20.94	21.9	21.91	22.52	24	24.87	23.99	24.78	25.66	25.82	28.89	27.59																																																																																																																																																																																																															
ecosystem flux	jorgensen1992_t	4.03	6.82	10.25	13.22	16.02	19.63	23.06	26.48	29.29	32.09	35.58	38.58	44.38	48.96	53.04	55.36	59.39	63.26	66.9	70.16	73.48	76.94	80.65	84.65	87.79	91.24	93.72	97.83	103.98	106.44	109.23	118.02																																																																																																																																																																																																																		
ecosystem flux	ouyang_aoa_as100	4.94	8.8	19.64	30.24	35.06	40.36	50.48																																																																																																																																																																																																																																											
ecosystem flux	ouyang_aoa_as200	4.7	8.55	19.88	30	35.06	40.12	50																																																																																																																																																																																																																																											
ecosystem flux	ouyang_aoa_compost	4.7	8.55	19.88	30	35.06	40.12	50.48																																																																																																																																																																																																																																											
ecosystem flux	ouyang_aoa_control	4.7	8.55	30.24	35.3	39.88	50.24	20.36																																																																																																																																																																																																																																											
ecosystem flux	ouyang_aob_AS100	5.21	9.17	19.79	30	35	40.21	50.21																																																																																																																																																																																																																																											
ecosystem flux	ouyang_aob_AS200	5	8.96	20.21	30.21	35.21	40.21	50.21																																																																																																																																																																																																																																											
ecosystem flux	ouyang_aob_compost	4.79	8.96	20	30	35.21	40.21	50.42																																																																																																																																																																																																																																											
ecosystem flux	ouyang_aob_control	5	8.96	19.79	30	35	40.21	50.21																																																																																																																																																																																																																																											
ecosystem flux	tait&chiel	10.03	15.06	20.08																																																																																																																																																																																																																																															
ecosystem flux	Tanetal2015_t	35.47	34.25	33.37	32.48	31.76	31.12	30.44	29.83	28.94	27.53	31.32	30.37	30.76	29.99	29.56	28.99	28.47	27.73	26.78	25.3	30.46	29.97	29.69	29.44	29.18	24.59	26.53	27.5	28.78	28.27	29.72	28.98	29.41	29.22	27.47	26.26	24	28.55	28.79	28.31	29.18	28.65	28.87	28.47	28.27	28.05	26.97	27.74	25.55	23.83	28.23	28.35	28.05	27.89	27.56	27.38	26.93	25.98	23.69	28.12	27.13	27.37	27.54	27.24	27.72	26.81	26.5	25.94	23.46	22.77	27.97	25.49	26.54	26.9	27.02	27.3	27.47	26.71	26.3	28.72	22.52	24.13	25.66	26.19	26.44	26.67	25.81	26.01	25.08	23.73	25.24	25.99	26.25	26.77	27.01	26.5	26.57	25.86	22.75	24.19	23.78	24.61	24.94	25.21	25.52	25.89	20.64	21.6	21.68	19.13																																																																																																																																				
ecosystem flux	Taylor2016_T	4	9.97	15.97	22.93	29.87	36.85	41.91																																																																																																																																																																																																																																											
ecosystem flux	trytek2015	5	10	15	20	25	30																																																																																																																																																																																																																																												
Fecundity	ma2015_fecundity	14.056	16	18.056	14.944	15.056	15.056	20	18	22.556	22.556	21.944	20.056	20.167	22.5	22	25.056	24.889	24.111	24.889	25	27.611	29	29	29	29.944																																																																																																																																																																																																																									
functional response	englund2011_t	10.01	15.04	19.92	24.92	29.77																																																																																																																																																																																																																																													
functional response	khankhan2010_ADULT_t	11.958	14.895	25.105	19.93	29.86	35.035																																																																																																																																																																																																																																												
Generation time	kashefi2003_t	120.54	119.56	114.72	109.73	106.93	105	99.85	95.08	89.79	85.1																																																																																																																																																																																																																																								
Generation time	Piette et al. 2011	3.841	6.846	8.774	28.8	25.998	22.846	20.077	18.012	13.883																																																																																																																																																																																																																																									
Generation time	sheloboli2004_t	10.132	15.026	30.106	36.984	42.143																																																																																																																																																																																																																																													
latent period	scholtisek_f1-triangle	28.03	29.1	30.07	31.06	31.97	33.09	33.92	35.11	36.03																																																																																																																																																																																																																																									
latent period	scholtisek_square	28.02	29.09	30.06	31.05	31.95	33.13	33.97	35	36.03																																																																																																																																																																																																																																									
latent period	Scholtisek-fig1-circle	27.99	29.09	30.01	31.04	32.08	33.11	34.14	35.17	36.03																																																																																																																																																																																																																																									
Max germination	esechie93_0dSm-1	15	20	25	30	35	40																																																																																																																																																																																																																																												
Max germination	Esechie93_12.2dSm-1	15	20	25	30	35	40																																																																																																																																																																																																																																												
Max germination	Esechie93_17.4dSm-1	15	20	25	30	35	40																																																																																																																																																																																																																																												
Max germination	Esechie93_22.6dSm-1	15	20	25	30	35	40																																																																																																																																																																																																																																												
Max germination	Esechie93_27.2dSm-1	15	20	25	30	35	40																																																																																																																																																																																																																																												
Max germination	Esechie93_32.1dSm-1	15	20	25	30	35	40																																																																																																																																																																																																																																												
Max germination	Esechie93_37.2dSm-1	15	20	25	30	35	40																																																																																																																																																																																																																																												
Max germination	Esechie93_6.4dSm-1	15	20	25	30	35	40																																																																																																																																																																																																																																												
Metabolic rate	Brylawski_t	12.9	12.99	19.95	19.95	22.13	22.04	23.03	22.94	26.11	27.01	27.01	27.01	26.92	28.01	27.01	34.07	33.98	38.96																																																																																																																																																																																																																																
Metabolic rate	buck&barnes_tem	-16.4227705158945	-8.24812437156779	-4.112460360430035	-0.05104803155696658	4.026606852811518	8.090339546755366	12.066671823033488	16.038363369170092	19.854590455565017																																																																																																																																																																																																																																									
Metabolic rate	caroselli2015_t	13.204	14.153	15.255	18.063	19.005	20.055	22.098	27.011	27.917	29	32.126																																																																																																																																																																																																																																							
Metabolic rate	cliffe_T	22.03	24.05	26.07	28.07	30.04	32.01	33.95																																																																																																																																																																																																																																											
Metabolic rate	dingha2009_t	5.07	10	15.07	20.13	30	35.07	39.73																																																																																																																																																																																																																																											
Metabolic rate	hoole2018_t	7.324	6.277	6.591	6.277	5.963	11.093	10.884	10.884	10.884	11.093	10.988	15.699	15.699	15.909	15.804	15.071	15.804	20.724	20.829	20.515	20.62	20.724	25.75	25.959	25.121	24.912	25.54	25.54	30.356	32.869	35.172	34.962	35.381	35.59	35.172	37.684	37.684																																																																																																																																																																																																													
Metabolic rate	jones&hough70_t	26.17	29.89	31.99	33.98	35.09	36.76	37.79	38.77																																																																																																																																																																																																																																										
Metabolic rate	knoblauch&jorgensen-5b_	2.51	0.87	-2.32	-2.32	-0.74	-0.64	0.85	0.94	2.45	2.53	4.12	4.13	5.62	5.81	5.89	7.5	7.31	8.8	8.99	10.32	10.24	10.35	11.86	11.85	11.82	13.13	13.16	13.35	17.8	19.19	16.31	16.29	14.79	14.86	14.84	17.66	17.99	19.04	20.56	21.97	21.99	20.59	20.6	19.28	22.14	23.65	23.46	23.43	24.9	24.96	25.03	26.33	26.47	26.42	27.79	27.78	27.77	29.13	29.01	30.28	30.62	31.82	31.36	32.75	33.1	34.65	34.99	36.13	37.61																																																																																																																																																																													
Metabolic rate	Knoblauch1999_1_B	-3.441671756	-3.43207399	-3.425093796	-1.939185062	-1.713201291	-1.694005759	-0.121717128	0.017886746	1.283046855	1.31533025	1.341505977	2.600558415	2.612773754	2.675595498	4.145798796	4.158014135	4.277549952	5.39350842	5.402233662	5.424046767	6.605444551	6.645580665	6.652560859	7.689992147	7.871477183	7.901143007	9.22737981	9.233487479	9.259663206	10.14876538	10.19762673	10.2395079	11.44795393	11.5657447	11.66346741	12.59096065	12.6974086	13.69034116	13.71128174	13.72349708	14.87522904	14.91623768	16.22764157	16.23898438	16.31576651	17.48669401	17.4971643	17.62978798	18.62795568	18.78588256	18.82165605	19.92016403	19.97164296	21.08323881	21.08411133	21.13384521	22.43041619	22.45310182	22.48800279	23.60832388	23.68510601	23.71477183	25.03315592	26.14736934	26.20582846	26.26167001	27.48582148	27.51025216	27.5259576	28.81118576	30.08943373	31.36331908	32.44612163	34.04022337																																																																																																																																																																								
Metabolic rate	Knoblauch1999_2_B	-3.402564103	-1.81965812	-0.034188034	1.976923077	3.417948718	5.035042735	6.58034188	8.361538462	9.818803419	11.25555556	12.87008547	14.35641026	16.03760684	17.46923077	18.95897436	20.55726496	22.07264957	23.89145299	26.65213675	28.35299145	29.62222222	30.84957265	31.94615385	33.80683761	34.4025641	35.63504274	37.26752137	38.80598291																																																																																																																																																																																																																						
Metabolic rate	Knoblauch1999_4_B	-3.417721519	-3.35443038	-2.151898734	-2.025316456	-0.569620253	-0.569620253	0.949367089	0.949367089	2.46835443	2.46835443	2.594936709	3.860759494	3.860759494	5.126582278	5.126582278	5.126582278	6.392405063	6.455696203	7.658227848	7.658227848	7.784810127	8.797468354	8.860759494	10.12658228	10.18987342	10.18987342	11.26582278	11.32911392	12.53164557	12.65822785	12.65822785	13.67088608	13.73417722	13.73417722	14.93670886	16.26582278	16.32911392	17.21518987	17.27848101	17.34177215	18.41772152	18.41772152	19.55696203	19.62025316	21.01265823	22.02531646	23.29113924	23.35443038	24.43037975	25.75949367	26.64556962	28.2278481	29.24050633	30.56962025	31.7721519	33.16455696																																																																																																																																																																																										
Metabolic rate	porter_kearney_150woodrat_t	-8.23	-1.64	7.48	12.05	16.39	21.28	25.63	30.3	33.16	35.81																																																																																																																																																																																																																																								
Metabolic rate	porter_kearney_300woodrat_t	34.24	30.98	27.36	22.2	19.49	15.7	12.35	5.39	-7.23																																																																																																																																																																																																																																									
Metabolic rate	rajasekaran&maheshwari1993_A.duponti_T	10.4	14.88	20.6	25.55	30.32	35.63	39.84	44.78																																																																																																																																																																																																																																										
Metabolic rate	rajasekaran&maheshwari1993_A.phoenicis_t	25.19	30.91	35.69	40.84	45.6	50.74																																																																																																																																																																																																																																												
Metabolic rate	rajasekaran&maheshwari1993_T.lanuginosus_t	9.97	14.52	19.88	25.21	30	34.75	40.26																																																																																																																																																																																																																																											
Metabolic rate	rajasekaran&maheshwari1993_T.viride_t	20	25.04	30.22	34.86	39.84	45.37	50.15	55.09																																																																																																																																																																																																																																										
Metabolic rate	tarpgaard__t	-3.799126638	-3.799126638	-2.096069869	-2.096069869	-0.524017467	-0.524017467	0.851528384	0.917030568	2.423580786	2.423580786	3.930131004	3.733624454	3.602620087	3.930131004	6.288209607	6.288209607	7.467248908	7.467248908	10.02183406	12.37991266	12.37991266	14.93449782	14.93449782	17.48908297	17.48908297	19.84716157	23.58078603	23.58078603	26.069869	26.069869	28.49344978	28.49344978	32.68558952	32.68558952																																																																																																																																																																																																																
Metabolic rate	young1996-fig7.1.controls	5.197	9.915	20.453	30.22	32.665	35.583	38.761	43.393	46.219																																																																																																																																																																																																																																									
Metabolic rate	young1996-fig7.1.inuits	5.328	9.957	20.147	30.046	33.195	35.192	43.079																																																																																																																																																																																																																																											
Mortality rate	gutierrez2016-DOI10.1007_s10530-016-1255-6_t	0.979	2.891	2.879	0.972	2.061	1.123	3.094	3.435	5.501	5.018	4.88	6.865	6.918	10.502	10.058	10.052	14.94	14.313	14.954	17.998	19.897	21.107	22.395	26.472	24.891	24.967	24.993	27.07	27.574	29.741	30.603																																																																																																																																																																																																																			
Mortality rate	kirk2018-fig3a	6.111	9.259	11.667	16.111	20	24.074	27.407	29.444	33.333																																																																																																																																																																																																																																									
mutation	Lloy2018 1c	8.03	12.95	17.75	22.66	27.7																																																																																																																																																																																																																																													
mutation	Lloy2018_1bblue_t	7.956	10.178	13.076	17.906	22.543	27.663																																																																																																																																																																																																																																												
mutation	lloyd_1b-red_T	8.17	10	13	18.22	22.91	28																																																																																																																																																																																																																																												
mutation	lloy-f1a_t	27.8	22.87	17.83	12.75	7.54																																																																																																																																																																																																																																													
mutation	smith1936_ture138-329–330_t	31.93	30.89	28.94	21.92	17.46	12.88	8.85																																																																																																																																																																																																																																											
performance	molr2017	13.03	13.14	13.15	13.07	13.09	16.18	16.01	19.04	25.27	25.36	22.23	28.28	28.28	25.24	25.15	25.2	22.04	16.05	15.97	16.07	15.99	19.07	19.07	19.16	19.08	19	22.09	21.92	21.93	31.03	31.04	31.05	31.22	31.22	30.99	28.34	28.18	27.93	28.18	34.12	33.87	34.05	34.05	34.05	34.06	34.06	34.07																																																																																																																																																																																																			
Population density	isaak&hubert2004tem	5.608921953	5.968906693	7.741851973	7.876062786	7.441410508	5.716290604	6.11824177	5.798452147	6.00910181	7.068345324	6.448386745	6.733022673	7.15118814	7.091644866	7.096413778	7.078291912	7.55027796	7.626580554	7.892277087	7.914895356	7.860666013	8.36439939	8.26411598	8.780929802	8.66824722	8.689230434	8.728880532	8.57763789	9.087502725	9.026869414	10.04183017	9.839355788	10.18298997	10.26092762	9.316274253	9.471740789	9.396800741	9.91116198	10.55114999	10.76670482	11.25381513	11.45097558	11.72307608	11.81968062	11.80060497	12.12393721	12.26986593	11.18487029	11.33652169	11.2397809	11.77131022	12.32395901	12.97770874	13.036707	12.87197515	12.87415522	13.08466863	13.04706235	13.29586331	13.37407347	13.4499673	13.26329845	13.3220242	12.82564857	13.6998583	13.60952147	14.17756704	13.7896501	13.30853499	13.49956399	13.51523327	13.6088402	13.83543165	14.05234903	14.41260628	14.6720351	14.7456126	14.59096359	14.77763244	14.85488882	15.27414432	15.21977872	15.2207325	15.53152932	16.06033355	15.89573796	16.10093743	17.18620558	16.90524853	16.98059734																																																																																																																																																								
Population density	WhittakerandFeldhamer2005_tem	-2.631578947	-1.684210526	-0.105263158	-0.210526316	0.263157895	1.842105263	2	3.578947368	6.578947368	6.578947368	7.578947368	10.42105263	13.84210526	11.63157895	10.31578947	9.789473684	8.473684211	9.263157895	12.84210526	14.52631579	18.84210526	19.94736842	17.26315789	16.84210526	18.15789474	19.10526316	19.73684211	21.78947368	21.68421053	22.57894737	21.94736842	23	24.21052632	26.84210526	28.84210526																																																																																																																																																																																																															
population flux	Franzmann 2005-f5-ferroplasma acidiphilum	21.35	23.08	24.87	26.99	29.28	31.03	33.68	35.29	40.06	42.43	44.77																																																																																																																																																																																																																																							
population flux	Franzmann et al 2005_F. cyprexacerbatum	32.63593381	34.12529551	35.28368794	36.93853428	39.42080378	38.09692671	40.74468085	42.39952719	43.72340426	45.37825059	47.03309693	48.52245863	50.01182033	51.66666667	53.8179669	55.30732861	56.96217494	58.28605201	61.09929078	62.25768322																																																																																																																																																																																																																														
population flux	Franzmann et al 2005-Acidianus brierleyi	41.965	43.356	44.592	45.982	47.53	48.618	50.474	53.562	55.418	57.579	59.128	61.597	62.38	65	66.709	71.817	76.595	79.224	83.206																																																																																																																																																																																																																															
population flux	Franzmann et al 2005-Acidithiobacillus caldus	25.668	27.218	28.457	29.532	30.774	32.781	33.254	34.333	35.57	38.656	39.589	41.129	42.823	44.217	45.769	47.609	51.008	49.602	53.682																																																																																																																																																																																																																															
population flux	Franzmann et al 2005-Acidithiobacillus ferrooxidans	11.281	13.136	14.837	15.917	17.92	19.929	21.162	23.173	25.024	25.792	28.258	29.955	31.196	33.045	34.122	35.968	37.968																																																																																																																																																																																																																																	
population flux	Franzmann et al 2005-Acidithiobacillus thiooxidans	12.076	13.94	15.641	16.729	18.276	19.826	21.527	22.614	24.16	25.713	27.101	28.035	29.738	30.968	32.36	33.437	35.735	36.947	38.309	39.485																																																																																																																																																																																																																														
population flux	Franzmann et al 2005-Sulfolobus metallicus	50.492	51.266	50.655	52.047	52.052	52.979	53.6	55.301	56.229	57.465	58.552	59.638	60.878	62.887	63.657	65.361	67.215	70.152	71.08	73.694																																																																																																																																																																																																																														
Population growth rate	Corkrey_Mmusculus_t	28	31	32	34	37	40																																																																																																																																																																																																																																												
Population growth rate	corkrey-Archaea_Euryarchaeota_Euryarchaeota_Methanoculleus-submarinus_AN_H_860	14.941416	14.94232357	15.04923597	19.951959	19.95322961	19.9543187	24.95869019	24.9588717	29.95943137	30.06997407	30.07215225	36.80055423	36.90202117	36.9023842	44.74891923	44.85964344	44.95439433	44.96111039	49.93117552	49.93643946																																																																																																																																																																																																																														
Population growth rate	corkrey-Bacteria_Bacteria_Firmicutes_Clostridium-thermobutyricum_AN_H_23	26.2411976	26.29671321	27.9718081	27.9718081	29.89304836	29.94992662	31.60873431	31.66625847	33.40213815	33.57681412	35.39352401	35.51147035	37.17223804	37.41095056	39.27349906	39.27349906	41.09736024	41.2197084	43.12836098	43.252296	45.24854873	45.31133758	47.07953521	47.2701502	49.31758631	49.38199037	51.45659062	51.45659062	53.49196901	53.49196901	55.68689784	55.75387141	57.91152375	57.91152375	59.96019142	60.02891708																																																																																																																																																																																																														
Population growth rate	corkrey-Bacteria_Bacteria_Proteobacteria_Pseudomos-putida_A_H_520	-0.4	0.2	0.7	1.2	2.2	2.7	3.2	4	4.2	4.9	5.2	5.3	6	7.2	7.7	8.2	8.3	8.6	8.9	9.1	9.5	10	10.1	10.3	10.7	11.2	11.9	11.9	12.2	12.7	12.7	12.9	13.3	13.7	13.8	14.3	14.6	14.8	15.2	15.6	16.4	17.3	18.3	19	19.4	19.8	20	20.4	20.6	21	21.3	21.7	22.1	22.2	22.8	23.1	23.5	23.5	24.1	24.3	24.7	25	25.4	25.8	26	26.5	26.6	27.2	27.4	28	28.2	28.5	28.9	29.2	30	30	31	31.2	32.1	32.6	33.7	34.8	36.1	37.6	39.2																																																																																																																																																													
Population growth rate	corkrey-Eukarya_Animalia_Arthropoda_Aleuroglyphus-ovatus_A_H_162	10.01331818	12.46610695	12.46805833	12.46893645	12.51342794	12.51430606	14.95675251	14.95889903	14.96085041	14.96270422	14.96328964	17.99798032	18.00071225	18.00139524	18.00383446	18.052619	20.06322476	20.06576155	20.07054244	20.07103028	20.07239625	20.07366465	22.5069396	22.55611441	22.56050502	22.5640175	22.5652859	24.99699975	25.00217091	25.05193114	25.05358981	27.54023504	27.54452808	27.54491836	27.59389803	29.97536381	29.97829088	29.98199851	30.00883	30.01029354	30.020831	30.0249289	30.03390525	30.03546636	32.43049424	32.44064142	32.44220252	32.44825181	32.49586551	32.49996341	34.98524268	34.98777947	34.98856003	34.995585	35.00651274	35.03919837																																																																																																																																																																																										
Population growth rate	corkrey-Eukarya_Chromista_Foraminifera_Globigerinoides-sacculifer_A_H_824	13.87272727	15.4	19.34545455	19.47272727	19.47272727	21	22.01818182	23.16363636	23.41818182	23.41818182	23.41818182	23.54545455	23.54545455	25.07272727	25.07272727	26.21818182	26.34545455	26.6	26.98181818	28	28.89090909	29.01818182	29.14545455	29.14545455	29.14545455	29.27272727	29.52727273	29.52727273	31.05454545																																																																																																																																																																																																																					
Population growth rate	ma2015_growthrate	30.101	29.163	27.609	26.104	25.117	24.133	22.21	22.267	20.127	18.289	18.225	16.124	14.393																																																																																																																																																																																																																																					
Population growth rate	zakhartsev2015_t	5.17	10	15.27	18.34	22.73	26.54	30.2	31.07	32.83	34	34.88	37.51	40																																																																																																																																																																																																																																					
Rate of energy use	gaur2017	9.008	9.008	9.984	9.984	28.975	28.057	19.049	30.869	37.066	36.951	36.951	37.008	36.033	36.033	36.033	35.975	36.033	32.992	33.049	33.107	33.049	33.049	32.992	33.049	33.049	32.992	32.992	32.992	32.992	33.049	33.049	32.016	31.959	33.852	33.967	34.025	33.967	33.91	33.967	30.008	30.123	30.066	30.123	30.123	30.066	30.066	30.008	30.066	30.008	30.008	29.951	30.066	29.893	30.984	31.098	31.041	31.098	31.041	30.984	31.041	30.926	32.016	32.016	31.959	32.074	32.016	32.016	32.016	32.016	32.016	32.016	32.016	30.984	30.926	29.09	28.975	29.09	29.09	29.033	29.09	29.033	28.975	29.033	29.033	28.918	28.975	28.975	29.033	28	27.943	27.943	27.885	28	28	28	28	28	27.943	27.943	28	28	27.943	28	27.943	27.943	26.967	27.025	27.082	27.025	27.139	27.025	27.025	27.025	27.025	27.025	27.025	27.025	27.025	27.025	26.967	27.025	26.967	26.049	25.992	26.049	26.049	26.049	26.049	26.049	26.107	26.107	26.049	24.156	23.984	23.984	23.984	24.041	23.926	23.008	23.008	23.066	23.066	22.951	22.951	22.033	22.033	22.033	22.033	22.033	20.885	20.885	21	21	21.057	20.025	20.025	20.025	20.025	20.025	18.992	19.049	18.992	18.992	18.992	18.016	18.016	18.016	18.074	18.074	18.016	17.959	16.984	16.984	16.869	16.984	16.008	15.951	15.951	16.008	15.893	15.951	14	14	13.943	13.885	13.943	14	14	13.943	13.943	13.943	13.025	13.025	13.025	13.025	13.025	13.082	12.967	12.967	12.049	12.107	12.049	11.992	11.992	11.992	11.992	10.959	10.959	10.902	10.959	11.016																															
Rate of energy use	Lee2013-fig4-right	-17.811	-13.222	-14.708	-15.039	-15.37	-15.281	-14.288	-16.856	-16.596	-14.606	-14.518	-12.853	-12.356	-12.444	-11.7	-10.437	-10.345	-10.014	-8.933	-11.262	-11.508	-11.006	-12.083	-12.921	-13.328	-14.169	-14.332	-10.91	-9.748	-8.879	-5.377	-6.04	-6.533	-8.909	-8.653	-7.653	-6.489	-6.153	-7.645	-6.972	-6.308	-5.555	-5.056	-4.641	-4.305	-3.722	-3.224	-1.568	-1.486	1.479	3.978	6.138	-0.301	0.196	0.099	0.271	0.442	0.941	1.196	1.116	1.694	1.947	2.366	3.037	3.701	2.88	4.632	4.706	4.786	5.619	5.449	6.368	6.784	10.191	9.355	8.355	9.43	8.844	8.921	9.758	10.172	10.086	9.744	10.989	10.985	8.323	8.98	8.726	8.392	8.807	8.802	9.8	10.058	8.46	8.041	8.288	11.809	12.316	13.064	12.715	11.883	11.052	11.209	12.292	11.452	12.442	13.682	12.179	13.424	12.997	13.244	13.829	11.995																																																																																																																																	
Richness	brock1978_t	12.32	17.22	22.38	27.42	32.58	37.48	42.52	47.42	52.58	57.35	62.78	67.68	72.58																																																																																																																																																																																																																																					
Richness	hingamp_Temperature	NA	NA	17	17.8	23.8	16	17.1	20.4	25	26	26.3	14.7	27.4	15.6	30	30.1	28.3																																																																																																																																																																																																																																	
Richness	Li-et-al-2015_AOA	52.3	64.3	74.6	80	90.8																																																																																																																																																																																																																																													
Richness	Li-et-al-2015_archaea	52.3	64.3	74.6	80	90.8																																																																																																																																																																																																																																													
Richness	mccain&sanders_fig2i_t	-18.28052758	-18.5598672	-19.00553921	-19.9474306	-21.10134856	-21.10134856	-22.29898794	-17.94450982	-17.72000532	-16.87458389	-15.16684011	-10.20225587	-12.56211895	-11.21040013	-11.85861961	-12.9707469	-13.20367372	-13.61029367	-14.70759105	-15.56734623	-16.53484626	-10.97388582	-9.306250379	-9.725144969	-8.162506085	-8.645289039	-7.92045311	-7.130717858	-6.58121739	-6.213620816	-5.721912081	-3.986573388	-3.861758444	-2.670217552	-2.481114931	-1.975546152	-1.468085186	-0.511458725	-0.319324447	1.16275055	2.13802698	3.251757694																																																																																																																																																																																																								
Richness	mccaindsanders2010_t	26.42960892	25.80500279	25.27498158	24.74683642	24.13682959	23.52931589	22.84882406	22.35929594	21.68415476	19.9875245	20.61775239	21.21338854	19.51478161	18.88927227	18.27374312	17.65352183	17.18827109	16.53652529	15.80140834	15.46393217	14.74851416	14.29250503	13.65368082	13.13054864	12.42663777	11.90796825	11.39117934	10.77211256	10.14191322	9.569550603	7.825465897	7.3233605	9.074913331	8.493189735	6.613985507																																																																																																																																																																																																															
Richness	Milici2016_FL	2.6401	4.5381	6.1671	8.0737	8.0777	8.1243	8.1406	8.2321	9.7624	9.8878	10.3461	11.0191	11.3401	11.5468	11.8041	11.9942	11.9942	12.079	12.2685	12.4379	12.4765	12.582	12.5921	12.8448	12.8585	13.6847	13.7297	13.7473	13.76	14.3409	14.5742	14.793	14.8	14.8372	15.0648	15.1564	15.233	15.4726	15.4926	15.65	15.6561	16.0203	16.0261	16.0821	16.1684	16.3227	16.4964	16.6938	16.7723	16.8352	16.9663	17.0189	17.04	17.1958	17.3808	17.4019	17.4828	17.5229	17.7136	17.7496	17.9377	17.9629	18.0026	18.5791	18.5791	18.8055	18.8261	18.9727	19.1143	19.3643	19.4843	19.607	19.6181	19.6339	19.6505	19.8147	19.9102	20.094	20.1638	20.4096	20.4834	20.7552	20.7655	20.7737	21.1138	21.3717	21.4192	22.0009	22.1354	22.3247	22.3857	22.6333	22.8323	22.8632	23.4864	23.883	24.4276	24.4367	24.7379	25.0496	25.2845	25.4264	25.4363	25.5311	25.9995	25.9999	26.5726	26.5834	26.6751	26.7423	26.7653	26.8872	26.9168	27.1347	27.2742	27.3653	27.3656	27.377	27.8306	27.8612	27.9997	28.0082	28.0165																																																																																																																							
Richness	Milici2016_LPA	2.6401	4.5381	6.1671	8.0737	8.0777	8.1243	8.1406	8.2321	9.7624	9.8878	10.3461	11.0191	11.3401	11.5468	11.8041	11.9942	11.9942	12.079	12.2685	12.4379	12.4765	12.582	12.5921	12.8448	12.8585	13.6847	13.7297	13.7473	13.76	14.3409	14.5742	14.793	14.8	14.8372	15.0648	15.1564	15.233	15.4726	15.4926	15.65	15.6561	16.0203	16.0261	16.0821	16.1684	16.3227	16.4964	16.6938	16.7723	16.8352	16.9663	17.0189	17.04	17.1958	17.3808	17.4019	17.4828	17.5229	17.7136	17.7496	17.9377	17.9629	18.0026	18.5791	18.5791	18.8055	18.8261	18.9727	19.1143	19.3643	19.4843	19.607	19.6181	19.6339	19.6505	19.8147	19.9102	20.094	20.1638	20.4096	20.4834	20.7552	20.7655	20.7737	21.1138	21.3717	21.4192	22.0009	22.1354	22.3247	22.3857	22.6333	22.8323	22.8632	23.4864	23.883	24.4276	24.4367	24.7379	25.0496	25.2845	25.4264	25.4363	25.5311	25.9995	25.9999	26.5726	26.5834	26.6751	26.7423	26.7653	26.8872	26.9168	27.1347	27.2742	27.3653	27.3656	27.377	27.8306	27.8612	27.9997	28.0082	28.0165																																																																																																																							
Richness	Milici2016_SPA	2.6401	4.5381	6.1671	8.0737	8.0777	8.1243	8.1406	8.2321	9.7624	9.8878	10.3461	11.0191	11.3401	11.5468	11.8041	11.9942	11.9942	12.079	12.2685	12.4379	12.4765	12.582	12.5921	12.8448	12.8585	13.6847	13.7297	13.7473	13.76	14.3409	14.5742	14.793	14.8	14.8372	15.0648	15.1564	15.233	15.4726	15.4926	15.65	15.6561	16.0203	16.0261	16.0821	16.1684	16.3227	16.4964	16.6938	16.7723	16.8352	16.9663	17.0189	17.04	17.1958	17.3808	17.4019	17.4828	17.5229	17.7136	17.7496	17.9377	17.9629	18.0026	18.5791	18.5791	18.8055	18.8261	18.9727	19.1143	19.3643	19.4843	19.607	19.6181	19.6339	19.6505	19.8147	19.9102	20.094	20.1638	20.4096	20.4834	20.7552	20.7655	20.7737	21.1138	21.3717	21.4192	22.0009	22.1354	22.3247	22.3857	22.6333	22.8323	22.8632	23.4864	23.883	24.4276	24.4367	24.7379	25.0496	25.2845	25.4264	25.4363	25.5311	25.9995	25.9999	26.5726	26.5834	26.6751	26.7423	26.7653	26.8872	26.9168	27.1347	27.2742	27.3653	27.3656	27.377	27.8306	27.8612	27.9997	28.0082	28.0165																																																																																																																							
Richness	pan2006t	14.91666667	12.91666667	11.16666667	9.416666667	8	6.416666667	5.083333333	3.166666667	1.333333333	1.75	-1.333333333	-2.833333333																																																																																																																																																																																																																																						
Richness	Talley2002_annT	2.17	2.17	2.17	7.51	7.94	7.94	8.11	9.14	9.25	9.25	9.61	10.11	10.11	10.22	10.39	10.39	10.72	11.25	11.75	12.49	12.65	13.69	15.03	16.69	16.69																																																																																																																																																																																																																									
Richness	terentev63_f3center-birds_T	2.28	7.69	12.4	16.98	22.25	26.82																																																																																																																																																																																																																																												
Richness	terentev63_f3left-mammals_T	2.21	7.1	12.37	17.47	22.6	27.69																																																																																																																																																																																																																																												
Richness	terentev63_f3right-reptiles_T	7.03	12.82	17.14	23.01	27.41																																																																																																																																																																																																																																													
Richness	yasuhara2012_cold.sst	13.73	21.26	8.79	19.07	19.17	19.4	19.46	19.4	14.74	20.57	21.1	22.26	26.54	26.49	24.28	23.86	20.1	19.74	16.61	15.97	18.11	19.97	26.68	26.21	24.91	26.74	25.04	8.82	23.33	16.39	16.33	16.17	18.71	18.98	19.03	26.01	22.64	18.53	18.17	18.61	10.61	26.01	23.06	23.14	23.43	24.95	24.7	26.56	24.65	26.17	21.12	25.06	24.92	24.97	27.06	24.94	23.37	20.89	1.13	21.54	21.9	21.48	21.01	20.24	18.96	2.24	-0.73	25.94	27.25	14.83	24.19	26.03	20.42	26.58	26.77	26.87	25.75	23.14	14.28	25.51	26.11	26.71	22.35	22.43	22.68	21.56	18.51	15.93	4.79	6.21	7.32	5.46	10.22	10.27	11.48	12.37	18.16	21.65	23.67	24.29	25.06	22.2	25.84	21.82	26.74	26.79	26.73	23.74	20.1	8.82	6.68	16.15	14.48	5.18	4.52	-0.49	-0.93	0.1	2.82	3.85	4.89	5.36	8.36	7.52	6.4	11.71	12.77	12.84	13.33	14.86	14.53	16.89	18.75	20.9	22.77	25.36	26.47	25.64	24.84	25.93	24.36	21.76	17.77	3.57	-1.78	-0.49	3.13	2.41	4.41	-0.2	5.23	5.6	8.76	8.44	11.61	12.23	13.8	16.29	22.51	26.72	19.93	20.2	14.46	14.1	13.83	13.52	13.01	11.39	11.39	10.79	10.75	9.89	9.49	8.83	8.68	8.42	8.24	7.85	7.71	2.86	2.42	2.24	-0.89	-1.75	5.14	7.83	7.74	20.94	20.55	19.68	19.97	20.15	19.97	18.85	18.85	19.26	19.97	18.51	19.8	18.66	26.67	12.45	12.02	10.2	25.34	26.65	26.64	27.19	27.12	26.85	27.18	21.12	13.68	26.58	26.26	25.94	26.25	25.57	24.22	25.55	8.52	9.93	6.23																			
Total community abundance	Rousseletal2015_t	1.58	8.42	15.12	21.96	28.63	35.47	41.81	48.82	55.14	61.97	68.81	75.61																																																																																																																																																																																																																																						
Total community abundance	Rousseletal2015_t	1.72	8.06	14.75	21.76	28.61	35.27	41.95	48.79	55.11	62.12	68.79	75.42																																																																																																																																																																																																																																						
Total community abundance	sunagawa-Mean_TemperaturedegC	20.649431	13.014573	25.2512	19.566255	9.195825	24.943108	26.532035	26.532035	11.3158	27.617558	27.617558	21.814577	10.2584	23.8683	19.881449	10.893125	22.76873	22.261435	5.791448	24.237467	24.69625	24.69625	24.69625	24.69625	7.212238	7.212238	7.212238	7.212238	26.54413	26.54413	26.54413	26.54413	26.576175	26.576175	26.576175	22.1151	22.1151	22.1151	22.1151	26.518986	26.518986	26.518986	26.518986	25.221787	25.221787	25.221787	25.221787	26.780158	26.780158	26.780158	26.780158	23.706525	23.706525	23.706525	23.706525	26.080233	26.074467	15.284298	6.689724	25.173925	13.159842	4.936634	19.249733	18.594842	8.911481	26.4091	19.048358	8.210557	26.6362	26.62925	27.119358	24.948842	9.756257	24.96555	5.067239	14.11885	11.012346	19.1288	18.169021	20.3973	10.565417	18.732683	17.663574	17.583075	16.751066	17.260108	10.21177	14.28065	14.306744	18.36839	18.36839	21.4395	21.4395	17.041483	15.705783	15.705783	17.636575	15.161277	15.161277	18.342533	18.342533	18.979535	18.979535	20.45375	25.0621	25.0621	26.050367	26.050367	25.824383	25.824383	27.329517	27.589917	27.589917	27.59865	27.59865	27.59865	25.37395	25.37395	25.581433	25.581433	25.581433	12.066048	12.066048	25.494408	25.494408	14.987618	14.987618	26.2314	26.2314	26.2314	26.812225	26.812225	15.614195	15.614195	26.81765	26.81765	16.246331	20.5251	27.117663	27.117663	29.089367	29.089367	29.089367	27.723425	27.723425	29.980283	29.980283	30.496383	30.12565	29.818233	29.818233	24.89426	24.89426	27.8684	6.23622	27.323117	26.965433	25.308318	25.080167	22.250309	22.250309	22.250309	7.6502	22.165567	22.165567	21.81495	21.81495	21.81495	8.4127	21.81684	21.81684	21.81684	15.01895	15.01895	15.033492	15.033492	12.83445	12.83445	12.83445	12.83445	16.787411	16.787411	16.787411	16.787411	7.026748	7.026748	16.832058	16.832058	16.832058	16.832058	17.36746	23.82575	4.216697	4.216697	4.216697	4.216697	19.776808	19.776808	19.776808	19.776808	24.112672	24.112672	4.673875	4.673875	25.02619	25.02619	21.643283	21.643283	21.643283	21.643283	4.749588	4.749588	23.349542	23.349542	23.349542	23.349542	19.30925	19.30925	19.30925	5.8659	5.8659	19.854083	19.854083	19.854083	19.854083	6.975635	6.975635	7.321517	1.84402	-0.78154	-0.78154	0.45883	0.67108	16.151933	23.8526	16.40115	18.014508	21.131962	23.799133	20.171605	8.113126	25.14875
Total community abundance	winteretal2008_t	28.1	28.2	26.5	25.1	27	23.4	19.6	21.5	15.8	12.4	4.6	16.4	12.3																																																																																																																																																																																																																																					