activity	Battestin&Macedo2007_k	17.14	24.59	59.99	101.1	85.07	36.02	21.25	0.15																																																																																																																																																																																																																																										
activity	chen2019_r	38.3	48.11	63.58	88.49	93.77	100.57	75.28	40.57	27.74																																																																																																																																																																																																																																									
activity	Debetal2013_r	19.78	23.91	27.61	36.52	36.96	38.04	30.65	16.3																																																																																																																																																																																																																																										
activity	felleretal.1992-aha	55.88	67.3	83.17	101.93	143.92	185.94	209.02	252.54	281.5	300.04	301.18	275.83	181.65																																																																																																																																																																																																																																					
activity	felleretal.1992-baa_activity	8.448342577	14.09776861	24.17128853	29.85940926	37.10821617	44.30543016	58.80304398	70.3598607	95.13736618	122.868567	157.861473	191.3839804	239.6878628	330.1302722	367.9994841	372.0495292	359.9251902	315.4391848	207.364891																																																																																																																																																																																																																															
activity	Hanetal2008_act_umolminmg	0.052083333	0.197916667	0.760416667	1.677083333	2.458333333	0.552083333	0.135416667	0.104166667																																																																																																																																																																																																																																										
activity	Mullaney et al. 2012_C31G_r	128.87	172.91	243.6	394.78	742.3	866.78	911.07	982	1151.12	1239.98	1239.8	1266.13	1310.1	1363	1148.21	236.83	12.86																																																																																																																																																																																																																																	
activity	Mullaney et al. 2012_C31GC40G_r	283.39	434.04	744.96	1126.99	1455.9	1516.99	712.26	59.67	49.25																																																																																																																																																																																																																																									
activity	Mullaney et al. 2012_C31GC40S_R	274.46	362.58	521.74	1010.98	1375.51	1499.45	1292.74	211.18	165.29	83.41																																																																																																																																																																																																																																								
activity	Mullaney et al. 2012_C40G_r	691.39	975.94	1225.14	1224.57	1384.47	1740.46	2052.33	2141.02	2318.57	2041.24	977.93	173.4	145.91	100.13	63.42																																																																																																																																																																																																																																			
activity	Mullaney et al. 2012_WT_r	176.13	300.11	450.27	1152.29	1445.84	2033.77	2318.61	2513.73	163.77	46.59	45.49																																																																																																																																																																																																																																							
activity	Scholtissek&Rott1969_counts	2.599078341	4.073732719	6.322580645	7.539170507	9.382488479	12.73732719	15.87096774	18.59907834	18.11981567	10.04608295																																																																																																																																																																																																																																								
activity	thomas&caviccioli2000_act	0	0.001123596	0.005617978	0.019101124	0.033483146	0.082921348	0.158426966	0.173707865	0.165617978	0.131460674	0.009213483	-0.000674157																																																																																																																																																																																																																																						
activity	Yadavetal.2011_r	4.49	5.24	6.21	7.54	9.06	9.45	10.39	11.24	12.05	11.11	8.94	3.68	2.25																																																																																																																																																																																																																																					
activity	Yang&Wu2006_relact	3.358300422	5.937627673	9.102546643	12.25929457	16.00435789	18.88056653	29.682691	62.26065641	100.7571837	94.25030641	48.57687594	8.19828408																																																																																																																																																																																																																																						
activity	zhengetal2012_Adsorption-crosslinking-inmobilized-sterease_R	0.19	0.28	0.43	0.56	0.81	1.01	0.97	0.85	0.69	0.6																																																																																																																																																																																																																																								
activity	zhengetal2012_Adsorption-inmobilized-sterease_R	0.13	0.24	0.36	0.51	0.88	1.01	0.92	0.66	0.54	0.34																																																																																																																																																																																																																																								
activity	zhengetal2012_Adsorption-microcapsule-inmobilized-sterease_R	0.09	0.15	0.32	0.44	0.62	0.82	0.99	0.98	0.87	0.72																																																																																																																																																																																																																																								
activity	zhengetal2012_free-sterease_r	0.42	0.46	0.54	0.71	0.86	0.96	1.01	0.75	0.53																																																																																																																																																																																																																																									
activity_u	giordano2005-fig3a-blackcircles	2.87	2.19	1.89	1.15	0.9	0.76	0.56																																																																																																																																																																																																																																											
activity_u	giordano2005-fig4blackcircles	3.42	2.06	1.48	1.09	0.72	0.82	0.67	0.67	0.76																																																																																																																																																																																																																																									
activity_u	yamasaki_fig6a-25C-blackcircles	0.54	0.52	0.47	0.42	0.39	0.39	0.35	0.35	0.44																																																																																																																																																																																																																																									
activity_u	whittington2012-fig4a	140.32	100.94	140.95	265.32																																																																																																																																																																																																																																														
activity_u	yamasaki_fig6d-15C-whitecircles	60.59	45.84	42.4	40.01	41.86	50.77	75.74	59.41	59.41																																																																																																																																																																																																																																									
activity_u	yamasaki_fig6d-25C-blackcircles	74.01	65.62	44.88	35.42	39.04	44.77	51.56	57.3	64.44																																																																																																																																																																																																																																									
activity_u	yamasaki_fig6d-35C-triangles	57.03	56.6	46.27	38.06	49.99	49.9	54.05	65.27	81.07																																																																																																																																																																																																																																									
activity_u	yamasaki_fig7b-blackcircles	20.78	19.14	17.27	15.39	13.52	10.23	12.11	15.86	26.88																																																																																																																																																																																																																																									
activity_u	yamasaki_fig7b-triangles	40.94	31.8	29.22	27.11	24.77	23.59	21.95	22.66	37.66																																																																																																																																																																																																																																									
activity_u	yamasaki_fig7b-whitecircles	38.13	27.58	20.78	21.02	23.59	24.06	29.92	33.2	43.28																																																																																																																																																																																																																																									
body size	Walczynska‎2016_r	95	156	279	191	176	175	114	99	86	122	172	147	106																																																																																																																																																																																																																																					
carbon stock	liu2013_BCDa	0.0001	4.347826087	56.52173913	10.86956522	41.30434783	52.17391304	67.39130435	130.4347826	93.47826087	136.9565217	176.0869565	269.5652174	204.3478261	189.1304348	160.8695652	132.6086957	210.8695652	147.826087	206.5217391	171.7391304	171.7391304	169.5652174																																																																																																																																																																																																																												
Developmental time	ma2015_devrate	0.04	0.05	0.06	0.05	0.05	0.06	0.08	0.07	0.09	0.1	0.1	0.09	0.09	0.08	0.09	0.11	0.12	0.12	0.11	0.13	0.15	0.13	0.12	0.14	0.15	0.14	0.13	0.13	0.14	0.15	0.15	0.14	0.17	0.15	0.12																																																																																																																																																																																																															
ecosystem flux	jorgensen1992_srr	1.7	0.8	3.8	1.16	0.7	1.96	4.97	7.54	7.94	8.35	17.01	16.97	17.35	15.56	23.34	35.05	38.49	44.97	49.28	75.33	67.03	73.08	83.91	84.3	97.74	102.92	71.16	22.42	36.7	23.19	2.29	1.33																																																																																																																																																																																																																		
ecosystem flux	ouyang_aoa_as100	0.02	0.04	0.17	0.31	0.56	0.51	0.31																																																																																																																																																																																																																																											
ecosystem flux	ouyang_aoa_as200	0.02	0.04	0.25	0.39	0.62	0.64	0.37																																																																																																																																																																																																																																											
ecosystem flux	ouyang_aoa_compost	0.02	0.04	0.21	0.3	0.5	0.51	0.32																																																																																																																																																																																																																																											
ecosystem flux	ouyang_aoa_control	0.03	0.03	0.28	0.44	0.45	0.29	0.17																																																																																																																																																																																																																																											
ecosystem flux	ouyang_aob_AS100	0.14	0.32	0.87	1.18	1.15	0.72	0.05																																																																																																																																																																																																																																											
ecosystem flux	ouyang_aob_AS200	0.21	0.38	1.06	1.52	1.48	0.87	0.05																																																																																																																																																																																																																																											
ecosystem flux	ouyang_aob_compost	0.11	0.18	0.44	0.7	0.69	0.57	0.06																																																																																																																																																																																																																																											
ecosystem flux	ouyang_aob_control	0.11	0.14	0.32	0.32	0.38	0.21	0.05																																																																																																																																																																																																																																											
ecosystem flux	tait&chiel	1.53	1.34	0.62																																																																																																																																																																																																																																															
ecosystem flux	Tanetal2015_NPP	3.92	6.09	6.99	10.49	11.2	12.54	12.04	12.37	11.68	12.78	13.55	14.07	16.16	17.19	17.77	16.95	17.08	18.8	16.22	14.4	17.44	16.05	15.73	19.16	18.41	18.72	20.6	21.22	24.88	26.79	19.16	19.17	17.58	17.64	17.6	20.6	22.98	23.11	22.47	22.03	21.45	20.95	21.65	21.84	23.18	16.01	17.86	19.82	14.65	10.48	19.69	25.21	22.35	23.82	23.82	24.84	22.75	14.32	10.67	19.69	21.54	23.89	24.14	26.05	32.13	23.7	22.95	20.1	12.01	12.52	20.32	16.87	23.71	23.77	26.49	26.17	27.06	33.54	25.68	21.9	12.91	12.44	24.29	23.9	24.85	28.08	30.13	29.04	24.87	12.26	22.33	25.49	22.76	26.43	26.18	27.7	30.88	28.03	20.52	23.29	26.15	28.36	29.95	27.79	32.48	32.41	8.45	15.13	20.83	8.58																																																																																																																																				
ecosystem flux	Taylor2016_k	0.010101	0.01	0.01	0.03	0.12	0.13	0.03																																																																																																																																																																																																																																											
ecosystem flux	trytek2015	9.1	10.10001	8.6	8.65	7.85	6.6																																																																																																																																																																																																																																												
Fecundity	ma2015_fecundity	27.581	34.194	30.806	48.226	56.29	45.968	61.29	45.484	53.548	47.097	41.452	40.806	37.903	37.581	35.806	39.516	32.903	29.677	25.806	22.903	6.613	7.742	6.129	4.839	0.806																																																																																																																																																																																																																									
functional response	englund2011_r	19.8	39.41	49.65	44.31	37.18																																																																																																																																																																																																																																													
functional response	khankhan2010_ADULT_k	0.245	0.187	0.125	0.18	0.203	0.222																																																																																																																																																																																																																																												
Generation time	kashefi2003_k	23.77	20.19	6.36	3.73	1.67	1.59	2.38	3.26	4.29	9.38																																																																																																																																																																																																																																								
Generation time	Piette et al. 2011	4.22	3.487	3.218	4.434	1.598	1.436	1.387	1.676	2.254																																																																																																																																																																																																																																									
Generation time	sheloboli2004_k	67.331	13.684	3.243	2.09	6.209																																																																																																																																																																																																																																													
latent period	scholtisek_f1-triangle	7.92	6.59	5.31	4.34	3.02	2.69	1.46	1.46	1.48																																																																																																																																																																																																																																									
latent period	scholtisek_square	6.61	5.32	4	3.03	2.35	1.82	1.75	1.73	1.74																																																																																																																																																																																																																																									
latent period	Scholtisek-fig1circle	10.05	8.03	7	6	4.88	3.97	3.09	2.93	2.93																																																																																																																																																																																																																																									
Max germination	esechie93_0dSm-1	87.231	96.178	99.291	93.496	95.891	60.976																																																																																																																																																																																																																																												
Max germination	Esechie93_12.2dSm-1	66.422	84.075	91.489	76.423	71.297	39.024																																																																																																																																																																																																																																												
Max germination	Esechie93_17.4dSm-1	48.548	79.616	78.723	56.911	60.633	28.455																																																																																																																																																																																																																																												
Max germination	Esechie93_22.6dSm-1	41.608	65.603	63.121	42.276	35.233	19.512																																																																																																																																																																																																																																												
Max germination	Esechie93_27.2dSm-1	29.929	56.7	43.972	39.024	21.304	11.382																																																																																																																																																																																																																																												
Max germination	Esechie93_32.1dSm-1	19.709	38.864	34.752	19.512	12.291	4.878																																																																																																																																																																																																																																												
Max germination	Esechie93_37.2dSm-1	13.509	27.398	24.113	15.447	8.181	1.626																																																																																																																																																																																																																																												
Max germination	Esechie93_6.4dSm-1	78.826	89.171	95.035	83.74	84.42	45.528																																																																																																																																																																																																																																												
Metabolic rate	Brylawski_resp	0.001	0.02	0.02	0.02	0.04	0.02	0.02	0.01	0.01	0.02	0.02	0.02	0.02	0.03	0.05	0.04	0.05	0.001																																																																																																																																																																																																																																
Metabolic rate	buck&barnes_MR	0.181284322	0.090397556	0.041985072	0.017333127	0.012483564	0.012089102	0.014662774	0.018721479	0.047528811																																																																																																																																																																																																																																									
Metabolic rate	caroselli2015_k	1.248	0.913	0.746	0.947	0.528	0.578	0.813	2.001	1.985	1.583	3.09																																																																																																																																																																																																																																							
Metabolic rate	cliffe_r	564.44	857.78	1111.11	1128.89	1111.11	1071.11	773.33																																																																																																																																																																																																																																											
Metabolic rate	dingha2009_resp	0.69	0.78	0.79	0.88	0.87	0.78	0.7																																																																																																																																																																																																																																											
Metabolic rate	hoole2018_k	33.187	31.78	28.661	25.878	23.789	30.125	25.26	21.093	19.357	17.625	14.151	29.854	21.174	19.441	18.05	17.344	13.536	12.577	13.62	14.309	18.478	21.952	16.48	14.053	13.345	11.258	10.574	8.49	9.612	9.307	16.637	11.425	10.738	12.13	13.512	23.623	16.332																																																																																																																																																																																																													
Metabolic rate	jones&hough70_k	102.58	110.01	109.32	88.17	73.5	58.21	35.94	19.51																																																																																																																																																																																																																																										
Metabolic rate	knoblauch&jorgensen-5b_	4.45	6	2.7	3.04	3.57	4	4.1	4.36	6.27	5.92	6.71	7.14	7.76	8.79	8.36	10.19	9.24	9.68	10.46	12.11	12.71	13.75	15.57	14.88	12.72	12.9	14.63	15.58	15.09	20.54	20.96	19.58	18.36	17.23	16.28	23.39	22.27	22.44	24.27	24.97	26.7	26.17	27.47	26.86	31.02	32.5	31.2	29.13	28.27	26.28	25.25	24.56	21.62	18.16	16.1	15.66	15.32	12.21	10.14	7.21	6.86	4.88	3.67	2.98	2.73	1.01	0.66	0.5	0.25																																																																																																																																																																													
Metabolic rate	Knoblauch1999_1_B	1.095890411	0.794520548	0.575342466	1.917808219	0.821917808	2.219178082	2.849315068	2.465753425	2.739726027	3.726027397	2.904109589	3.369863014	4.98630137	3.01369863	4.849315068	4.465753425	4.712328767	5.671232877	5.397260274	4.712328767	5.616438356	6.356164384	6.136986301	7.561643836	5.863013699	4.931506849	5.287671233	7.095890411	6.273972603	8.356164384	8.821917808	7.506849315	9.561643836	9.863013699	8.794520548	11.67123288	10.32876712	11.15068493	10.49315068	10.10958904	11.94520548	12.65753425	13.47945205	11.12328767	12.71232877	11.94520548	11.61643836	9.452054795	12.10958904	11.15068493	10.02739726	11.53424658	9.917808219	9.01369863	10.98630137	7.424657534	8.712328767	8	8.904109589	7.726027397	9.315068493	8.383561644	6.98630137	6	6.164383562	4.410958904	1.97260274	1.205479452	2.712328767	0.356164384	0.219178082	0.219178082	0.219178082	0.164383562																																																																																																																																																																								
Metabolic rate	Knoblauch1999_2_B	2.066666667	2.933333333	4	4.466666667	5.066666667	6.6	6.733333333	11.46666667	11.13333333	10.4	13.13333333	15.86666667	22.4	19.06666667	21.86666667	25.53333333	26.33333333	31.8	33.13333333	33.8	29.8	23.73333333	18.86666667	11.4	4.266666667	0.8	0.133333333	0.133333333																																																																																																																																																																																																																						
Metabolic rate	Knoblauch1999_4_B	0.564264849	0.613645848	0.733203505	0.606690778	0.742453749	0.885310892	0.845180136	1.015509807	1.244609821	1.255598832	1.041174016	1.35846432	1.232090694	1.296633746	1.362567812	1.406523856	1.531506468	1.553414939	1.70593963	1.848796773	1.634371957	1.67721519	1.918903881	1.912018361	2.038322437	2.527333426	2.223953262	2.37223536	1.859924885	2.041104465	2.189456114	1.600431214	2.199262763	2.001460565	1.64849075	1.037140075	1.267839755	0.849283628	0.55251078	0.453540131	0.265544582	0.194116011	0.159897065	0.22576158	0.075879816	0.052788983	0.012936431	0.067811935	-0.004798998	-0.02274308	-0.02371679	-0.030950063	-0.026568368	-0.028028933	-0.029350396	-0.014396995																																																																																																																																																																																										
Metabolic rate	porter_kearney_150woodrat_w	2.46	1.92	1.54	1.4	1.32	1	0.72	0.6	0.58	0.71																																																																																																																																																																																																																																								
Metabolic rate	porter_kearney_300woodrat_w	1.42	1.32	1.51	1.46	1.62	1.82	2	2.44	4.26																																																																																																																																																																																																																																									
Metabolic rate	rajasekaran&maheshwari1993__A.duponti_r	2.07	11.54	19.83	16.44	12.07	6.95	4.11	2.27																																																																																																																																																																																																																																										
Metabolic rate	rajasekaran&maheshwari1993_A.phoenicis_r	18.07	32.34	29.86	31.14	21.95	17.24																																																																																																																																																																																																																																												
Metabolic rate	rajasekaran&maheshwari1993_T.lanuginosus_r	6.99	30.81	34.22	28.63	24.28	13.37	9.64																																																																																																																																																																																																																																											
Metabolic rate	rajasekaran&maheshwari1993_T.viride_r	15.01	31.47	40.56	56.71	56.56	50.61	39.06	24.28																																																																																																																																																																																																																																										
Metabolic rate	tarpgaard_ssr	0.138047138	0.286195286	0.542087542	0.636363636	0.69023569	0.797979798	0.447811448	0.730639731	0.542087542	1.013468014	0.892255892	0.973063973	1.296296296	1.646464647	2.037037037	2.117845118	2.01010101	2.468013468	2.535353535	3.006734007	3.32996633	4.016835017	4.272727273	4.272727273	4.501683502	5.269360269	5.740740741	6.104377104	5.861952862	6.36026936	1.228956229	1.363636364	0.353535354	0.838383838																																																																																																																																																																																																																
Metabolic rate	young1996-fig7.1.controls	3.107	1.045	0.921	3.349	4.138	5.581	8.842	16.246	19.291																																																																																																																																																																																																																																									
Metabolic rate	young1996-fig7.1.inuits	4.053	3.812	3.617	7.064	8.432	10.243	18.432																																																																																																																																																																																																																																											
Mortality rate	gutierrez2016_kBiol_Invasions_18_3647–3663	0.165	0.161	0.172	0.171	0.109	0.095	0.096	0.075	0.048	0.025	0.035	0.023	0.032	0.012	0.012	0.017	0.024	0.016	0.012	0.02	0.027	0.025	0.068	0.117	0.054	0.042	0.019	0.039	0.043	0.095	0.119																																																																																																																																																																																																																			
Mortality rate	kirk2018-fig3a	0.02	0.007	0.004	0.009	0.013	0.02	0.031	0.062	0.309																																																																																																																																																																																																																																									
mutation	Lloy2018 1c	68.09	66.97	60.27	64.33	67.52																																																																																																																																																																																																																																													
mutation	Lloy2018_1bblue_k	41.501	40.902	39.825	37.787	39.727	41.505																																																																																																																																																																																																																																												
mutation	lloyd_1b-red_r	44.06	43.12	41.65	38.97	42.64	44.08																																																																																																																																																																																																																																												
mutation	lloy-f1a_r	23.34	21.68	21.24	25.34	24.32																																																																																																																																																																																																																																													
mutation	smith193_ture138-329–330cross	16.07	10.94	8.97	6.34	8.44	10.45	13.3																																																																																																																																																																																																																																											
performance	molr2017_r_mmsec	0.05	0.17	0.2	0.21	0.3	0.29	0.29	0.4	0.6	0.61	0.83	0.6	0.58	0.45	0.41	0.28	0.37	0.1	0.12	0.16	0.18	0.12	0.14	0.17	0.19	0.2	0.18	0.19	0.21	0.17	0.2	0.23	0.25	0.27	0.37	0.48	0.52	0.51	0.51	0.12	0.15	0.18	0.19	0.22	0.25	0.26	0.28																																																																																																																																																																																																			
Population density	isaak&hubert2004_den	0.15475118	0.163088697	1.14382138	1.337123415	1.457834249	1.254548295	1.81784166	2.161602871	2.572913234	2.324897508	3.338921866	3.465596847	3.833348836	3.18561931	4.384116538	4.621613402	4.19388522	4.345520887	4.501583562	5.681086176	6.659687779	4.119688131	2.811906648	4.082988015	4.345520887	4.954651399	5.53843501	5.633193291	5.128497662	4.010375144	2.324897508	3.530314517	4.231386034	4.869586408	5.633193291	7.172046969	7.532521249	8.995732715	7.113466239	3.370249686	7.973220164	12.5219805	6.179451746	6.940231619	6.883312641	7.471356485	5.307419373	3.730149622	3.764302179	3.27693833	3.563024228	4.462145857	2.373083591	2.784581269	4.119688131	4.744261973	5.445030395	5.53843501	6.496142008	7.532521249	7.594127633	8.924079025	9.975696871	7.908896282	9.436650953	12.13840431	12.04422261	7.055305441	4.384116538	4.869586408	3.938799583	3.662577213	3.497839284	6.076889906	6.231288718	4.345520887	3.764302179	3.037733232	2.496626202	2.784581269	3.338921866	3.938799583	4.19388522	6.826801682	6.231288718	8.852938979	2.071918111	3.155615	3.903396154	3.798701323																																																																																																																																																								
Population density	WhittakerandFeldhamer2005_abundance	3.98019802	5.00990099	5.00990099	4.01980198	4.01980198	5.00990099	5.00990099	8.01980198	8.059405941	7.02970297	6	9.04950495	12.05940594	6.99009901	6	5.04950495	3.02970297	3.02970297	4.01980198	6	6.99009901	7.02970297	2.99009901	4.01980198	4.01980198	3.98019802	6	5.04950495	4.01980198	3.02970297	3.02970297	2.03960396	2	3.02970297	2.03960396																																																																																																																																																																																																															
population flux	Franzmann 2005-f5-ferroplasma acidiphilum	0.0036	0.0064	0.0049	0.0064	0.0081	0.01	0.01	0.01	0.0121	0.0049	0.0025																																																																																																																																																																																																																																							
population flux	Franzmann et al 2005_F. cyprexacerbatum	0.105759162	0.128534031	0.137958115	0.142670157	0.152879581	0.153664921	0.168586387	0.185078534	0.185863874	0.198429319	0.208638743	0.218848168	0.231413613	0.240052356	0.236910995	0.239267016	0.238481675	0.217277487	0.157591623	0.059424084																																																																																																																																																																																																																														
population flux	Franzmann et al 2005-Acidianus brierleyi	3.31776E-07	4.56976E-07	5.31441E-07	6.14656E-07	1.04858E-06	1.87416E-06	0.00000256	3.4188E-06	4.47746E-06	4.87968E-06	7.31162E-06	7.31162E-06	0.00001296	1.13165E-05	2.01511E-05	3.70151E-05	3.33622E-05	0.00004096	1.47763E-05																																																																																																																																																																																																																															
population flux	Franzmann et al 2005-Acidithiobacillus caldus	0.003364	0.003969	0.004356	0.003969	0.004624	0.0049	0.005929	0.005776	0.006084	0.006241	0.006889	0.006724	0.0064	0.007056	0.0081	0.006889	0.007569	0.005625	0.000441																																																																																																																																																																																																																															
population flux	Franzmann et al 2005-Acidithiobacillus ferrooxidans	0.000961	0.001089	0.001296	0.001296	0.001225	0.001369	0.001296	0.0016	0.001681	0.001521	0.001369	0.001369	0.001764	0.001681	0.001521	0.001296	0.001089																																																																																																																																																																																																																																	
population flux	Franzmann et al 2005-Acidithiobacillus thiooxidans	0.002116	0.003025	0.003249	0.003969	0.004356	0.005041	0.005329	0.006084	0.0064	0.007569	0.007569	0.008649	0.009409	0.009025	0.009409	0.009025	0.007225	0.005041	0.002916	0.000256																																																																																																																																																																																																																														
population flux	Franzmann et al 2005-Sulfolobus metallicus	0.002704	0.002916	0.003364	0.0036	0.004096	0.004225	0.004489	0.0049	0.005184	0.005329	0.006084	0.006724	0.007396	0.007921	0.007744	0.008464	0.008836	0.009801	0.01	0.009025																																																																																																																																																																																																																														
Population growth rate	Corkrey_Mmusculus_growthrate	0.000142623	0.000412588	0.000481352	0.000577623	0.001004561	0.000962704																																																																																																																																																																																																																																												
Population growth rate	corkrey-Archaea_Euryarchaeota_Euryarchaeota_Methanoculleus-submarinus_AN_H_860	7.74E-005	6.07E-005	0.000100668	0.000217413	0.000194118	0.000174152	0.000427341	0.000424013	0.000747086	0.00072047	0.000680536	0.0013265	0.001466273	0.001459617	0.001606475	0.001576531	0.001839432	0.001716304	0.000598443	0.000501938																																																																																																																																																																																																																														
Population growth rate	corkrey-Bacteria_Bacteria_Firmicutes_Clostridium-thermobutyricum_AN_H_23	0.002048977	0.002089639	0.00291845	0.00291845	0.003437719	0.004380514	0.005026484	0.007446424	0.008657179	0.008269197	0.00918288	0.009122926	0.01241184	0.011250332	0.013693266	0.013603865	0.015106988	0.015306199	0.015815793	0.015919729	0.016886444	0.016886444	0.017911861	0.018029573	0.019124406	0.019376592	0.020419034	0.020419034	0.021377073	0.021377073	0.020419034	0.020419034	0.018508206	0.01838737	0.012909354	0.012994191																																																																																																																																																																																																														
Population growth rate	corkrey-Bacteria_Bacteria_Proteobacteria_Pseudomos-putida_A_H_520	0.001089	0.001444	0.001936	0.001764	0.002116	0.002209	0.002601	0.003136	0.002601	0.003025	0.003969	0.003364	0.003844	0.004761	0.004761	0.005329	0.004356	0.005184	0.006084	0.005476	0.006724	0.006561	0.006889	0.007225	0.007396	0.007569	0.007569	0.008649	0.008649	0.008464	0.008649	0.008464	0.009801	0.009604	0.010201	0.010201	0.010404	0.010609	0.011449	0.011664	0.0121	0.013456	0.014161	0.015376	0.017424	0.016129	0.017424	0.019321	0.017161	0.018496	0.017956	0.018496	0.017689	0.019881	0.020736	0.021904	0.021316	0.022801	0.023104	0.021904	0.021904	0.023716	0.024025	0.023409	0.024649	0.024649	0.0256	0.0256	0.0256	0.025921	0.025921	0.026569	0.026569	0.0256	0.026569	0.027225	0.027225	0.027556	0.027556	0.025281	0.015876	0.015376	0.014161	0.007921	0.007056																																																																																																																																																													
Population growth rate	corkrey-Eukarya_Animalia_Arthropoda_Aleuroglyphus-ovatus_A_H_162	5.44E-006	3.40E-005	3.40E-005	3.40E-005	3.45E-005	3.45E-005	5.98E-005	5.99E-005	5.99E-005	5.99E-005	5.99E-005	9.97E-005	9.97E-005	9.97E-005	9.97E-005	0.00010022	0.00011319	0.0001132	0.000113218	0.00011322	0.000113225	0.00011323	0.000118825	0.000118905	0.000118912	0.000118918	0.00011892	0.000122314	0.000122318	0.000122358	0.000122359	0.000118948	0.000118928	0.000118926	0.000118692	9.61E-005	9.61E-005	9.60E-005	9.57E-005	9.56E-005	9.55E-005	9.54E-005	9.53E-005	9.53E-005	6.09E-005	6.08E-005	6.08E-005	6.07E-005	6.04E-005	6.03E-005	5.96E-005	5.97E-005	5.97E-005	5.97E-005	5.97E-005	5.98E-005																																																																																																																																																																																										
Population growth rate	corkrey-Eukarya_Chromista_Foraminifera_Globigerinoides-sacculifer_A_H_824	6.01E-005	5.07E-005	0.000202703	0.000185811	0.000193318	0.000208333	0.000193318	0.000198949	0.000178303	0.000228979	0.000238363	0.000255255	0.00027027	0.000189565	0.000215841	0.000260886	0.000319069	0.000247748	0.000189565	0.000217718	0.000189565	0.000313438	0.000212087	0.000274024	0.000343468	0.000195195	0.000251502	0.00026464	0.000183934																																																																																																																																																																																																																					
Population growth rate	ma2015_growthrate	0.001	0.082	0.149	0.209	0.299	0.244	0.271	0.29	0.279	0.257	0.216	0.167	0.161																																																																																																																																																																																																																																					
Population growth rate	zakhartsev2015_umax	0.01	0.03	0.07	0.12	0.17	0.25	0.31	0.38	0.31	0.25	0.24	0.19	0.11																																																																																																																																																																																																																																					
Rate of energy use	gaur2017	65.052	60.994	61.025	59.575	52.049	46.803	42.176	109.789	101.576	99.833	98.094	96.067	100.964	98.935	94.587	87.629	86.181	104.928	103.19	102.033	101.451	100.002	98.551	95.654	92.755	91.594	89.855	88.406	86.957	85.219	82.031	77.651	68.664	84.375	89.016	92.786	95.393	100.898	102.059	101.067	99.911	97.3	95.563	94.404	92.083	90.054	87.733	85.127	84.255	83.675	83.094	81.648	79.904	99.068	100.811	97.621	96.463	95.592	90.372	86.896	84.574	102.289	99.97	97.359	95.914	93.013	91.854	90.694	89.535	88.665	88.086	86.347	79.358	79.936	98.43	94.948	93.792	92.053	90.022	88.285	85.674	83.354	81.616	78.718	75.236	73.788	70.6	65.964	97.526	93.756	92.307	90.276	88.83	87.671	85.642	84.193	82.744	80.423	78.394	75.497	71.439	68.249	65.062	63.611	61.872	86.769	83.583	77.787	74.887	73.152	71.699	70.539	69.09	66.481	64.742	63.003	62.713	61.264	60.394	58.653	54.887	54.306	71.089	69.348	67.9	66.741	63.842	62.393	60.654	58.917	57.467	52.248	63.494	61.749	56.822	55.952	54.215	51.603	60.849	57.371	56.213	53.025	51.572	49.833	58.21	54.732	53.283	52.123	48.645	57.595	56.725	53.541	51.801	50.064	57.858	56.119	54.67	52.351	50.322	57.536	55.799	52.899	52.319	48.551	57.796	56.057	54.318	52.87	52.29	49.68	46.49	58.923	57.764	54.282	48.488	59.762	58.022	55.413	54.545	53.382	52.514	63.178	60.57	61.727	59.407	58.539	57.381	56.512	52.452	50.423	48.684	64.018	63.438	62.278	61.409	60.829	58.512	56.769	53.001	63.697	62.25	61.668	59.928	59.058	55.58	52.681	63.084	61.345	60.184	58.736	58.158																															
Rate of energy use	Lee2013-fig4-left	434261.423	398704.991	292998.508	276715.183	264485.797	223963.289	272813.265	158779.314	89913.009	159235.382	126820.754	139320.402	159691.45	196160.018	236851.44	147918.133	83071.986	95301.371	115790.659	82886.18	54457.926	38343.515	-2415.473	25793.193	-39154.303	17431.942	-15033.361	-50826.272	-14104.333	-273387.574	-288893.894	-317406.605	-366155.232	-58528.758	-99017.483	-102868.726	-82362.546	-98510.74	-155569.945	-200028.152	-187731.201	-207848.878	-199639.65	-187393.373	-203541.567	-203423.327	-191160.159	-113797.472	-105672.701	-453720.334	-441051.772	-396019.256	-235162.298	-210737.31	-117513.584	-153965.26	-182309.057	-174099.828	-214588.553	-234875.144	-202325.385	-222544.41	-238675.713	-270972.101	-250567.27	-339922.863	-355783.902	-282796.092	-258455.561	-258286.647	-233996.791	-250026.745	-249942.288	-180332.761	-156178.036	-156380.733	-95352.045	-75200.586	-34644.295	-58799.02	-42498.804	-18192.055	42549.478	79288.308	107665.888	70639.903	139692.013	168018.918	176059.233	184251.569	220737.029	237155.485	180451.001	285532.502	301663.805	326038.118	172697.841	124151.91	140519.693	249908.505	241631.711	225247.037	290143.859	298471.327	342895.752	416069.367	485239.717	509259.311	545998.142	618884.603	643258.917	627161.397	630843.726																																																																																																																																	
Richness	brock1987_s	41.77	54.05	76.33	86.36	90.14	86.42	76.45	60.24	25.52	24.55	1.83	1.11	1.39																																																																																																																																																																																																																																					
Richness	hingamp_ric_vir	24	25	24	26	23	25	28	29	23	25	31	18	24	15	24	25	22																																																																																																																																																																																																																																	
Richness	Li-et-al-2015_AOA	6	6	5	4	3																																																																																																																																																																																																																																													
Richness	Li-et-al-2015_archaea	11	10	7	7	4																																																																																																																																																																																																																																													
Richness	mccain&sanders_fig2i_r	6.986989928	5.956827594	3.997857539	3.997857539	3.997857539	3.147130012	3.147130012	12.70783864	14.75764589	16.96808324	17.30980486	25.28252832	18.7469109	13.90077225	15.98286491	15.98286491	11.05238465	13.22484112	13.49117728	12.45696677	12.21104749	19.50960546	22.43180327	18.7469109	19.12445647	18.37681864	16.30474513	13.90077225	9.612587151	8.19530656	6.849056225	7.417683088	5.180829857	5.391605424	3.997857539	2.905876423	2.049924611	1.930899775	1.08302266	1.08302266	1.08302266	1.104833742																																																																																																																																																																																																								
Richness	mccaindsanders2010_r	6.867500422	7.970799102	8.844306939	9.823358612	10.71617263	10.71617263	10.8130434	12.65100741	12.98421194	9.912158632	9.912158632	9.823358612	13.10158507	12.86789033	9.735354125	9.912158632	9.735354125	8.695239838	11.19816022	9.004929071	6.75175157	8.034814577	6.691264677	5.922836933	4.932443577	3.829984484	3.864606319	2.947295344	2.973937951	1.923087929	1.923087929	1.923087929	1.044977588	1.026338182	1.044977588																																																																																																																																																																																																															
Richness	Milici2016_FL	121.9392468	108.9469932	108.9469932	91.95687698	99.95226303	90.95744878	87.95915729	100.9516815	112.944626	116.942244	95.95457864	95.95457864	156.9177138	116.942244	191.8953656	148.9227143	143.9258171	161.9145669	198.8908123	141.9270533	133.9319682	122.9386447	170.9088625	154.918968	183.9005368	134.9313565	163.9133037	134.9313565	NA	166.911404	184.8998924	NA	169.9094988	156.9177138	205.8862335	194.8934174	174.9063114	205.8862335	194.8934174	NA	194.8934174	171.9082256	162.9139356	164.9126711	206.8855774	141.9270533	163.9133037	222.8750126	212.8816301	163.9133037	180.9024669	213.8809705	200.8895067	163.9133037	208.8842636	168.9101345	166.911404	218.8776653	197.8914644	166.911404	234.8670105	171.9082256	189.8966617	203.8875443	213.8809705	177.9043917	167.9107696	204.8868892	190.8960139	206.8855774	182.9011807	167.9107696	165.9120379	195.8927669	160.9151976	159.9158276	168.9101345	174.9063114	212.8816301	185.8992473	200.8895067	181.9018241	175.9056721	192.8947167	179.9031091	173.90695	142.9264356	152.9202195	152.9202195	171.9082256	147.9233363	134.9313565	189.8966617	166.911404	172.9075881	166.911404	170.9088625	161.9145669	170.9088625	173.90695	179.9031091	165.9120379	173.90695	157.9170858	137.9295167	128.9350151	147.9233363	124.9374381	164.9126711	131.9331893	119.9404483	116.942244	176.9050322	144.925198	119.9404483	166.911404	138.928902	138.928902	145.9245781	133.9319682	154.918968	123.9380418	118.9410477																																																																																																																							
Richness	Milici2016_LPA	124.9374381	143.9258171	115.9428409	133.9319682	128.9350151	128.9350151	126.9362282	137.9295167	138.928902	131.9331893	106.9481712	142.9264356	112.944626	158.916457	198.8908123	171.9082256	184.8998924	180.9024669	190.8960139	125.9368336	162.9139356	141.9270533	143.9258171	161.9145669	188.8973089	159.9158276	NA	173.90695	168.9101345	191.8953656	162.9139356	176.9050322	181.9018241	145.9245781	189.8966617	189.8966617	136.9301307	191.8953656	172.9075881	177.9043917	172.9075881	154.918968	156.9177138	155.9183412	179.9031091	156.9177138	129.9344073	174.9063114	156.9177138	155.9183412	163.9133037	197.8914644	164.9126711	124.9374381	185.8992473	171.9082256	164.9126711	187.8979556	185.8992473	156.9177138	209.883606	160.9151976	176.9050322	169.9094988	193.8940673	182.9011807	160.9151976	186.8986018	148.9227143	180.9024669	173.90695	142.9264356	139.9282865	190.8960139	158.916457	157.9170858	135.930744	169.9094988	210.8829478	173.90695	178.9037507	191.8953656	161.9145669	162.9139356	170.9088625	171.9082256	172.9075881	142.9264356	134.9313565	153.9195941	134.9313565	150.9214683	157.9170858	173.90695	152.9202195	144.925198	161.9145669	130.9337987	153.9195941	159.9158276	165.9120379	154.918968	159.9158276	159.9158276	133.9319682	134.9313565	123.9380418	116.942244	151.9208442	120.9398479	131.9331893	126.9362282	150.9214683	160.9151976	126.9362282	153.9195941	126.9362282	124.9374381	147.9233363	135.930744	126.9362282	142.9264356	123.9380418																																																																																																																							
Richness	Milici2016_SPA	129.9344073	123.9380418	109.9464028	115.9428409	105.9487587	107.9475827	109.9464028	113.9440318	119.9404483	151.9208442	102.9505154	130.9337987	137.9295167	141.9270533	199.8901597	168.9101345	175.9056721	117.9416463	165.9120379	NA	138.928902	134.9313565	121.9392468	153.9195941	198.8908123	122.9386447	119.9404483	127.9356221	135.930744	138.928902	146.9239576	193.8940673	154.918968	144.925198	NA	168.9101345	138.928902	189.8966617	201.888853	158.916457	201.888853	146.9239576	141.9270533	121.9392468	163.9133037	126.9362282	134.9313565	197.8914644	195.8927669	121.9392468	186.8986018	173.90695	192.8947167	133.9319682	196.8921159	NA	NA	195.8927669	172.9075881	NA	182.9011807	162.9139356	170.9088625	182.9011807	206.8855774	180.9024669	152.9202195	206.8855774	182.9011807	205.8862335	165.9120379	137.9295167	142.9264356	186.8986018	147.9233363	159.9158276	146.9239576	NA	216.8789888	240.8629854	169.9094988	184.8998924	155.9183412	161.9145669	172.9075881	159.9158276	147.9233363	159.9158276	147.9233363	164.9126711	152.9202195	139.9282865	170.9088625	145.9245781	158.916457	159.9158276	168.9101345	148.9227143	157.9170858	158.916457	147.9233363	147.9233363	158.916457	180.9024669	146.9239576	125.9368336	128.9350151	141.9270533	143.9258171	132.9325791	128.9350151	116.942244	141.9270533	118.9410477	119.9404483	164.9126711	142.9264356	127.9356221	140.9276703	201.888853	132.9325791	120.9398479	125.9368336																																																																																																																							
Richness	pan2006r	45	44	58	61	56	62	61	48	35	30	25	13																																																																																																																																																																																																																																						
Richness	Talley2002_meanS	2.264863975	4.735882867	3.918759105	4.735882867	2.630156184	2.820241061	6.91676009	1.874060991	2.198133676	2.091256376	3.582502544	1.747742229	4.505631756	2.79226738	3.147077726	4.64240321	5.337640046	1.460645541	2.264863975	1.161336751	2.333619788	1.646266741	1.52006955	1.348674055	1.348674055																																																																																																																																																																																																																									
Richness	terentev63_f3center-birds_r	28.65	84.25	156.48	209.08	245.05	202.57																																																																																																																																																																																																																																												
Richness	terentev63_f3left-mammals_r	6.63	27.11	43.37	74.7	96.39	87.35																																																																																																																																																																																																																																												
Richness	terentev63_f3right-reptiles_r	0.32	3.67	9.01	29.45	54.1																																																																																																																																																																																																																																													
Richness	yasuhara2012_NumSp	18	17	14	20	20	20	20	19	16	18	21	20	18	16	14	15	16	20	19	21	20	20	22	16	17	16	14	16	15	19	22	23	20	21	17	9	20	17	17	22	17	18	16	15	16	19	20	19	16	15	23	17	18	19	15	20	14	21	5	18	20	20	17	20	19	6	4	19	13	18	17	15	19	12	14	19	20	15	19	18	16	21	16	22	23	17	19	19	7	9	8	6	12	12	11	17	23	17	17	22	17	19	17	19	13	17	13	15	18	14	15	19	16	9	8	6	2	4	7	5	6	7	10	10	7	17	13	14	18	18	17	21	19	19	21	20	16	16	18	19	19	23	20	6	3	3	6	5	5	3	6	9	7	12	15	14	18	19	18	22	19	20	21	17	16	19	17	14	15	15	14	13	12	9	9	9	9	8	10	3	3	5	3	4	6	8	9	20	20	18	24	22	22	22	19	22	20	20	22	19	18	17	14	11	16	14	14	16	17	11	15	18	16	13	15	20	17	17	15	16	11	10	8																			
Total community abundance	Rousseletal2015_arccells	9772372.21	6918309.709	25118864.32	18197008.59	10715193.05	5011872.336	5248074.602	2818382.931	1258925.412	363078.0548	223872.1139	6760.829754																																																																																																																																																																																																																																						
Total community abundance	Rousseletal2015_baccells	1995262.315	1548816.619	5623413.252	3311311.215	2570395.783	831763.7711	741310.2413	416869.3835	158489.3192	79432.82347	53703.17964	2398.832919																																																																																																																																																																																																																																						
Total community abundance	sunagawa-FC-bacteriacellsmL	500416.6382	305319.2593	620056.2108	1318360.655	162019.188	1225055.741	979381.8661	979381.8661	137486.6809	1053095.655	1053095.655	NA	85282.4359	836779.4017	691095.8405	65051.83761	610871.0541	314446.2821	49878.88889	611394.2593	470361.4103	470361.4103	470361.4103	470361.4103	89468.07692	89468.07692	89468.07692	89468.07692	150974.3871	150974.3871	150974.3871	150974.3871	752775.9117	752775.9117	752775.9117	246022.6781	246022.6781	246022.6781	246022.6781	955605.0997	955605.0997	955605.0997	955605.0997	463792.2792	463792.2792	463792.2792	463792.2792	947408.2194	947408.2194	947408.2194	947408.2194	302121.8946	302121.8946	302121.8946	302121.8946	665691.3248	614940.4274	325433.5897	NA	537913.0057	899796.5527	NA	1170177.336	4416607.023	132719.7009	1029318.889	366417.9915	130743.1481	617033.2479	1132913.504	578548.604	669411.8946	145741.6952	525646.7521	54936.53846	397519.6296	78073.83191	365604.1168	174983.0484	364092.6353	74178.8604	433737.0513	694002.5356	660226.7379	271485.3276	444143.0199	83945.35613	659296.5954	688576.7047	NA	NA	672798.3134	672798.3134	602400.4471	624549.5764	624549.5764	804613.1183	NA	NA	298404.3421	298404.3421	646715.6286	646715.6286	268797.2774	678073.8462	678073.8462	324212.7778	324212.7778	651099.7151	651099.7151	771436.8946	16782.57424	16782.57424	585001.4672	585001.4672	585001.4672	NA	NA	2448660.643	2448660.643	2448660.643	174924.9145	174924.9145	2242838.706	2242838.706	609896.4523	609896.4523	1912151.444	1912151.444	1912151.444	949965.3676	949965.3676	972004.4526	972004.4526	968146.0099	968146.0099	1282595.701	894123.7754	614766.0256	614766.0256	741207.265	741207.265	741207.265	29693.92055	29693.92055	997310.0069	997310.0069	699583.3903	1206972.324	461176.2536	461176.2536	546923.7607	546923.7607	631043.5185	29861.44824	616626.3105	NA	893343.6895	521054.1738	677719.7738	677719.7738	677719.7738	39746.02135	973902.4582	973902.4582	585107.3387	585107.3387	585107.3387	43104.77033	605276.1627	605276.1627	605276.1627	562831.7867	562831.7867	596894.401	596894.401	1953820.884	1953820.884	1953820.884	1953820.884	775819.341	775819.341	775819.341	775819.341	60122.94797	60122.94797	631998.1319	631998.1319	631998.1319	631998.1319	2736913.598	1055269.786	33173.3377	33173.3377	33173.3377	33173.3377	690082.0417	690082.0417	690082.0417	690082.0417	426237.7778	426237.7778	NA	NA	NA	NA	393689.0082	393689.0082	393689.0082	393689.0082	70300.25265	70300.25265	609938.7678	609938.7678	609938.7678	609938.7678	470813.0417	470813.0417	470813.0417	220787.3316	220787.3316	660903.0782	660903.0782	660903.0782	660903.0782	445363.8319	445363.8319	10638.50427	265148.7322	202364.1168	202364.1168	17963.37607	411064.8291	800870.66	940792.6968	1753318.519	1718728.846	NA	384613.9031	269276.2393	54704.00285	387346.1966
Total community abundance	winteretal2008_va	19.56	5.95	8.81	10.97	11.32	49.82	41.13	45.48	5.24	2.1	1.29	8.52	4.29																																																																																																																																																																																																																																					